4.143976289070558927e-01
-3.939023218421906503e-01
-7.840766683771569490e-01
-8.183558101185144373e-01
-2.746946682921045380e-01
-6.180154037271037293e-01
2.345689588906210155e-01
-7.806010940294654255e-01
-7.780911896608537770e-01
8.285964031122055040e-01
-3.124393379894572220e-01
-6.190075695753085583e-01
4.709697732122908320e-02
1.382797854012789429e-01
2.433982534938770037e-01
-9.434527351411690077e-01
-1.848719769549465042e-01
8.553481406585263791e-01
-4.630957174697012402e-01
4.403651049919525828e-01
6.456950064365400976e-01
6.884573178150483752e-01
6.571227390887761644e-01
2.934509428100731121e-01
5.842982040252799880e-01
-3.809817728821998095e-01
-1.653978934875599549e-02
6.907049780217722201e-02
-2.593706556562118681e-01
-1.795627764458718190e-02
-2.835273727209874917e-01
4.321375084339620365e-01
7.996078963626407354e-01
7.218523546793638168e-01
-4.962622974040664658e-02
-7.413330855025670463e-01
3.506660478741274733e-01
-9.340482990378649042e-01
4.168355024624799121e-01
-1.179446423368304409e-01
2.985646644813362283e-01
-6.871880477629865869e-01
2.524850211464935157e-02
-6.775129927402558927e-01
-7.834317516456288377e-01
-8.672137053353743408e-01
-6.540872746643744406e-01
-4.498531248545365457e-01
3.691370681266954445e-01
2.441664764334192661e-01
-4.442625864090976595e-01
1.391494220809974536e-03
-8.855530573980525677e-01
-7.471939781855614360e-01
-8.160271490489983126e-01
-3.937919452870186632e-01
4.193970389049150871e-01
6.275873212370246534e-01
5.516475820560295951e-01
-2.170958058419247827e-02
-7.759547340809218596e-01
-6.752840143915084248e-01
-3.989313157790994602e-01
-6.737877818737287861e-01
-4.703079573318011963e-01
6.984949191342191277e-01
1.232188905031976756e-01
7.567214888178526166e-01
-4.893089385797599888e-02
-1.683301775261041300e-01
7.397688417919781045e-01
7.851138214530086756e-01
4.416075595789556996e-01
3.314105611254174466e-01
-8.880289604917914748e-01
-9.084645966121338567e-01
2.947461076914130729e-01
3.037439521251628083e-01
1.330749542683031805e-01
5.213186536618552580e-01
-3.995281174880729314e-01
-1.927188434234166081e-01
9.986400018893277775e-01
-6.412310401557288486e-01
-6.297728006964200542e-01
1.716305878463315615e-01
-9.339129599277196103e-01
-9.954753155428663902e-02
-6.307407895995560398e-01
6.872709733595172565e-02
-8.954331028665496461e-04
1.654690518764245777e-01
-9.831328402204080330e-01
-1.779985130493981771e-01
5.252744882589157616e-01
-7.579711382582776658e-01
2.739641033042177209e-01
-8.038897817153412007e-01
-8.690009510679930216e-02
6.890645080995818628e-01
6.986829992223819730e-01
-7.519917117956285146e-01
3.053245041782601810e-01
1.054470619540839316e-01
-3.306733953523832703e-02
-4.934730169136620770e-01
4.993476037573385540e-01
2.200681179923285047e-01
5.606962522745815303e-01
-8.854050237417414593e-01
-4.273880324921228713e-01
7.468987950285108646e-01
1.710959914121896741e-01
4.969192704292004770e-01
-4.228092025716856384e-01
-6.495421275078008261e-01
-9.266251674364309743e-01
7.864414630205729395e-02
-8.877906965558777230e-01
1.322172027374093339e-01
-9.048179705554442176e-01
5.764366009371768573e-01
5.695583795373635461e-01
-9.280813870087727402e-01
-7.165513536509027226e-02
-6.992217250062653378e-01
4.959426383805458638e-01
-4.367806461334913237e-01
-8.303604176867627196e-01
-6.897718016826281939e-02
4.146122994625662805e-01
-4.475316444366170821e-01
-1.709653646498308088e-01
2.207700147693520965e-01
6.341755492579910225e-01
5.405889566367045873e-01
-8.830530588490348443e-02
-6.814709929658371301e-01
9.868442794603204948e-01
7.355746233428694936e-01
8.339538260728680541e-01
-1.658613622186999592e-03
-6.962734993849579723e-01
-6.131301025447437603e-01
-5.183931986030678729e-01
-6.849644399073429035e-01
-2.426363845393832985e-01
-9.402841476223355865e-01
4.867702173597989734e-01
3.199448240331133064e-01
7.538872958554225789e-01
-8.974542606970983272e-01
-4.042423680911859663e-01
-4.429788416260738160e-03
2.327091878663667401e-01
-7.707058417150640661e-01
-7.223634166957737524e-01
6.120118116659498675e-01
-7.799762252614657054e-01
9.757950649781292896e-01
5.859375012593499576e-01
7.484166713588336073e-02
3.107327306874729800e-01
-4.189323976433461105e-01
-4.268236340458102518e-01
-4.279323180265477422e-01
3.934588064714816813e-01
1.860394624796146701e-02
-7.750902766855127801e-01
9.505960962587201024e-01
-8.359639241768697104e-01
-4.177196999158159230e-01
9.649426809403567340e-01
6.658027761951648138e-01
1.220872990312749096e-02
-7.368048694200965976e-01
-4.368788716130718175e-01
4.188081462802104582e-01
-6.244016438392023804e-01
1.093590691789116942e-01
3.276457573811191182e-01
-1.938988284965055264e-01
2.379564572533845457e-01
-7.851406955343060989e-01
-7.020769161635331823e-01
3.710255077862771866e-01
1.782077648348023846e-01
-2.130362034179100750e-01
-4.087484276584281151e-01
1.835710821479514809e-01
-6.787087027493334812e-01
-8.099081032209569653e-01
1.940825134333579172e-02
-8.295237721535508868e-03
-5.443525023944555397e-01
-6.669856427633393814e-01
-2.601145983009849338e-01
-7.485541149900285518e-01
1.510324227903945271e-01
-7.932811930598830941e-01
-3.954317266152194144e-01
2.356993306785206688e-01
-9.770180517272444298e-01
6.265907505622583251e-01
-8.108092532023611909e-01
-5.175607264830157650e-01
5.639757465835411043e-01
9.964871411981839344e-01
-8.589911921032244990e-02
-8.853648002748770729e-01
-1.068297909360447218e-01
-1.145471905545556446e-01
8.241184216101196114e-01
7.846846192905219119e-01
3.835751705701977432e-01
-7.730111919875535254e-01
4.291086815577471736e-01
4.801637830057001732e-01
-3.961992141713961413e-01
9.119430815229749854e-01
9.467582095360740357e-01
-4.805628162530930503e-01
7.624097686795781037e-01
-9.969299718143347366e-01
-1.843212871115795792e-02
-7.531965888624341243e-01
9.583263542688411629e-01
1.523264928919223493e-01
1.684921733983526515e-01
1.215645185888392099e-01
-8.745210395581120011e-01
-3.538675435802960401e-01
4.846244481802606252e-01
1.319345383420595930e-01
2.864324024538555946e-02
-1.979334273936310673e-01
-6.921631711469591330e-01
9.328952969549053620e-01
8.249253731975967341e-01
-5.152016378857178225e-01
-9.140022755102417129e-01
-6.603241984442289603e-01
-4.564691150280930643e-02
3.789301426778490800e-01
2.128114964786280705e-01
-5.018220520287783870e-01
-8.898717873149708524e-01
-5.454006743418302605e-01
3.770433774653483283e-01
3.251514979541085815e-01
1.614692562543711407e-01
-9.936337559062149438e-01
7.618229717059150641e-01
9.484534270583921955e-01
3.763060048797302048e-01
-3.416202565211388098e-01
6.221298441289735415e-02
-2.789942189472682799e-02
4.785774456231215446e-01
3.533751595142042845e-01
4.204449147122324426e-02
-1.239857927735334986e-01
1.980886012262097484e-01
-2.670895167025746364e-01
8.801055379590303485e-01
