0.9200000000000017
0.9600000000000009
-0.01152911796525835
-1.0
-1.0
1.0
0.9750000000000005
0.9900000000000002
-0.4487782934249882
0.1235053967221198
1.0
0.9900000000000002
0.16265802512541772
1.0
0.9900000000000002
0.2099529040255259
0.9700000000000006
0.9800000000000004
0.28511079325202937
0.9900000000000002
0.9700000000000006
0.09755573117618166
0.9900000000000002
0.9778982315765212
-0.63564268136499
-0.668365870670292
-0.7786224869896521
-0.6158065530245835
0.9500000000000011
0.9900000000000002
0.9100000000000019
-1.0
1.0
1.0
0.01299872017318826
0.9850000000000003
-1.0
0.9850000000000003
0.9850000000000003
-1.0
0.9700000000000006
0.9700000000000006
-0.9392629083163739
1.0
0.48135188513005556
0.9900000000000002
0.759758249513026
0.9900000000000002
1.0
1.0
0.9800000000000004
0.4237799702449294
-1.0
-0.05008114643506989
0.9897551384668057
0.3679150007096874
0.9875000000000003
-0.38056192042659465
0.9600000000000009
0.9452560348898587
0.9800000000000004
-0.701441146342634
0.9900000000000002
0.9900000000000002
1.0
0.9130756772602941
-0.9537177250196827
-0.8108297660803983
1.0
0.99875
-0.6340678028483504
0.5540121474240478
1.0
0.6504698865481702
-0.11759554684332452
1.0
0.9800000000000004
0.48398851716682945
0.21406778544573046
0.6436149762602477
0.44424373758830704
0.9695173635218017
0.9016405267606213
0.45166356218542525
-1.0
0.8591486986125698
-1.0
0.4846503674538285
0.9306693496467817
0.9389091884751211
0.9950000000000001
0.9950000000000001
0.7590200889525174
0.43090148543515894
0.6971598183871262
-0.5697666463505429
0.8389187657693329
0.6217925349518649
0.959552655123906
0.40188854650580286
0.9892578125
0.4693081650064481
0.9651059491800996
0.6259801155102438
0.42377005752010755
0.8615652040536956
0.9849414062500004
-0.6947062909905456
0.10194328038231912
0.9333129213217926
0.9841259765625001
0.9844750976562502
0.9525144120519977
0.5023153276229655
0.048510794433033216
0.6389339638987134
0.27889358238726214
0.42380305469464363
0.2552389693004712
0.9945507812500001
0.8563840788220188
-0.40253357731476935
0.3408765643529788
0.7516441524539952
0.5977042042171045
-0.6484659677585238
0.9912509872777728
0.6833273037409983
0.9644913520076019
1.0
0.9471860080195449
0.40843199585545487
0.5625615832696955
0.9019533715445909
0.6652656126558925
0.4782541631958277
0.9429658882506039
0.9237188236142599
0.9647905533351884
0.963029875196199
0.607519106471712
0.35805782267136194
0.9173209713415438
-0.045124197546610845
0.618583299016426
0.4983240299432125
1.0
0.6183784633239345
0.9755859375
0.9948577880859375
-0.06503679712897285
0.9947105407714846
0.4081386347860096
-0.29447919871764483
0.9799085121941126
0.03715509402878592
0.974615108657772
-0.9032538969333701
-0.9143337524698164
-0.27949167826628296
0.30599994426237664
0.7207595278222948
0.7954224966436563
0.4565802760041645
0.5893426324459281
0.4454274098285842
1.0
0.39010133165653205
0.5496446416164408
0.9736718750000006
0.4524824696428831
-0.5284002600865798
0.3022944901155562
-0.00749999999999984
-0.27832255830677516
0.9975
0.6401379729855607
-0.8113380815207992
0.24851471389042823
0.9117884510615727
-0.899096710216932
-0.2997931899515949
0.7546084968981429
0.7970365153517673
0.8485499325860302
0.6807872775920643
0.41934155840286713
-0.2809621360511905
0.5563931376027123
0.5619168180397598
0.7206250000000003
-1.0
-0.69884472197743
-0.3970085259919142
-1.0
-0.5229331672801886
0.8503363037109379
0.9437131526094936
-0.36011268096539367
0.5489390752674674
0.590441680471636
0.7479962587820098
0.29091422301502634
-0.8027065948472325
0.7528791501371563
0.7423538605446689
0.9971875000000001
0.9886425781250001
0.33590817473487267
0.9716537490114572
-1.0
0.9909228515625003
-1.0
0.8203777135299133
0.09939682057381619
0.9800000000000004
0.9678930664062506
0.5602680774298541
0.7228777275182683
0.9340273809596145
-0.6664124024147212
-0.5
-0.18151232564801287
0.6884310535245716
0.9950000000000001
-0.018074500887435008
-0.2762987245248748
0.8318420681422625
-0.36685290271667054
-0.01579712482489759
-0.9295640227091343
0.15801451890014012
0.96678939819336
0.7382565307617187
0.11510328676168792
0.027612712574688225
-0.08727300176124816
-0.011939428568955635
-0.2178373757764731
1.0
0.214564168559086
0.9564453125000008
0.3453823261325648
0.13538183548296567
0.9950000000000001
0.9950000000000001
-0.2718007626568103
0.4574142206479228
0.9935717773437498
0.9675000000000002
0.9690301403465824
0.9900000000000002
1.0
-0.8443849229291381
0.9933092130989332
0.11528075050666153
-0.444324382065747
0.9450000000000012
0.9400000000000013
-0.08620607034974986
-0.7371109332801455
-0.20990686895602906
0.9800000000000004
1.0
-1.0
