-8.989394842894729010e-01
-3.231868105168556049e-02
-9.572761826393170193e-01
-7.713688059606649272e-01
2.077885704708282155e-01
2.576493259877477016e-01
-9.471758856672658489e-01
-9.880918842421906323e-01
6.801206049876349358e-01
-5.318861376980048572e-01
-2.381951350893007913e-02
-9.640369243172022262e-01
-8.844308977702508567e-01
-6.954353961753048097e-01
2.019497135229966212e-01
2.562053023512975702e-01
-5.864230384981468092e-01
8.853887970029512555e-01
7.557896000567492223e-01
-8.905320881221294727e-01
7.227348118375065411e-02
-7.311252082417019071e-01
-9.065256410416244748e-01
-7.727601146407492294e-01
-6.258205446174736064e-01
8.363008056997947026e-01
9.316357958050542898e-01
-9.424616279681736764e-01
-9.019098027684171459e-01
9.008903619684869302e-01
-9.941846012560744406e-01
-1.807377327675414591e-01
4.519695938809453750e-01
9.335434872757979452e-01
5.139626517631690206e-01
-4.524605878765786127e-01
2.402081700280989107e-01
-9.299200860363101562e-01
-9.568349352827603127e-01
8.872671730824546188e-01
-3.326369530236714667e-01
-3.314251183046144078e-01
-2.759559938249200872e-01
7.384071566769583317e-01
9.087827322373831507e-02
-8.662128650429137267e-01
7.349422250512471777e-02
2.301489230448614531e-01
-4.682762222107104133e-01
8.584575028139136421e-01
9.016622557296791740e-01
8.826815333319713019e-01
6.532880878947366909e-02
3.289987061559043191e-01
9.929895864976583386e-01
-3.305129623170550701e-01
-2.575663834267016838e-02
-7.430132703551657336e-01
-9.552238724398773861e-01
-9.305551357467460871e-01
4.427093781638045122e-01
-6.170892988533087653e-01
-1.121433092580863544e-01
3.315601220614654565e-01
1.088637751605401327e-01
3.774561705223478114e-01
-7.070053342882971492e-01
-6.860632250073748217e-01
-3.104393081236516139e-01
6.310938677339961167e-02
2.997985826083700012e-01
-7.427769829380415079e-01
-5.151042143520134786e-03
8.736998518364904598e-01
5.996915762810488548e-01
-6.514463117528812575e-01
-6.337848119475042452e-02
-7.920888106737684620e-01
3.035096779000665546e-01
6.566260282193967512e-01
-3.535502357794810813e-01
-7.193780742090336577e-01
4.506752316315003615e-01
7.772420528434635933e-01
3.054965850134643279e-01
-8.648261367961374013e-02
-1.364398894902931758e-01
5.946446507155020988e-01
-8.048875401108039895e-01
6.499947540002359858e-02
-1.824174890946421712e-01
-6.090843784346327006e-01
-7.358338149421150831e-01
7.566155828099128122e-01
7.555589075612436645e-01
9.111098012964480297e-01
2.551195505974552802e-01
-8.651760349042292297e-01
-7.973797692191904041e-01
2.534041445178152330e-01
4.505900010207994910e-01
-8.932729688759408759e-01
2.423751106745286599e-01
5.675596705660557184e-01
1.995872096083002312e-01
-6.889628283533419939e-01
-9.949566422672786459e-01
7.803185208683907081e-01
5.451922411592744488e-01
-9.035605651071327848e-01
-8.759331905681029262e-01
2.229940020492644503e-01
7.557393956658624568e-01
7.191461878414775466e-01
-4.504002740497246027e-01
-2.232024378212940086e-01
6.515489153008346968e-01
1.247113412425058243e-01
2.375282651969579106e-02
-2.877391045138333325e-02
-9.162695802243230325e-01
-1.245304699368015022e-01
-3.575858930187210127e-01
-2.433690267662331763e-01
-9.954809233786934275e-01
2.559969979045000343e-01
5.916694418086836382e-01
-6.806541986575798120e-01
-2.987541984828925301e-01
-9.313774042771814088e-01
5.181826173846322270e-01
1.086175516313288014e-01
7.856197666224218334e-01
4.236437959147556498e-01
2.481375190600543235e-01
-8.603256451465899346e-01
-6.583938418654011748e-01
-6.637483578997227518e-02
-3.684717099210848001e-01
-3.560548885766321447e-01
-8.948691656553529050e-01
6.899504378565544105e-01
-5.687225474428105887e-01
-3.180359033584956308e-01
4.757612740393710737e-01
5.781169515210420329e-01
2.583168883675868166e-01
1.316526081266149450e-01
4.938773559659401791e-01
-3.708011150004106860e-01
4.951833770164393300e-02
-7.920235614537407542e-01
6.420126142152353665e-01
5.254005136554671385e-01
8.733927948651412088e-01
5.779310549952016984e-01
-5.524160622044824720e-01
-8.657889539110656951e-01
6.862419379527529006e-01
1.357184692950170746e-01
-1.695790076884819975e-01
-8.108974548652840841e-01
-4.181178425712319680e-01
-6.606316166665910927e-01
2.130317863876742823e-01
5.259156217935028188e-01
-6.796368875414477984e-01
2.370595645210313851e-01
1.748455295482460592e-01
-1.258031864903987884e-01
3.402948317024221403e-01
4.995560294404417512e-01
1.656887885489934931e-01
-5.396402500677150993e-01
-6.296803548502007963e-01
4.287447025348880558e-01
-3.443386571292064158e-01
9.412292423266097607e-01
3.788303418943121947e-01
6.660578912391690309e-02
-6.162002606725214271e-01
7.144129255800237832e-01
-4.948039933042291949e-01
-5.063465947983853965e-01
1.658402582725004848e-01
-8.968134612243050530e-01
-6.796418078663202245e-01
-1.447042714075421621e-01
6.232497776708916248e-01
-8.260965068710810488e-01
-4.027199837530859305e-01
5.327817559746295117e-01
-6.077683059739236171e-02
7.186538418510135529e-01
6.351985151245336247e-01
-1.211798541338788837e-01
-7.909252493620946289e-01
-4.034130453763227209e-01
-7.449613077792862637e-01
5.618584320563957402e-01
3.577145923267144312e-02
-3.075590655442013155e-01
-7.987406873402147500e-01
-4.058937015727934750e-01
7.881077435137224807e-01
-1.207212987085712896e-01
-5.428450957448278658e-01
7.618927737853802284e-01
5.804154070893228212e-01
6.990227771805843648e-01
4.313123337118216494e-01
2.516045229095471569e-01
3.573494338993266073e-01
5.632183039742439945e-01
9.885014878859004206e-01
2.549569143225505208e-01
-3.684600553324117733e-01
-7.161476576366756497e-01
-3.239906414318407535e-01
5.427482260121152535e-02
1.593849020084630030e-01
-4.862433528977070374e-01
2.022750193978706257e-02
-3.221751927357399126e-01
-1.972740576409948154e-02
4.015980646474028859e-01
9.645131855588300329e-01
-1.966750320888053238e-01
9.728820613136939244e-01
-5.065163513980039944e-01
-8.787147169713591666e-01
-6.376912236362535236e-01
-1.896703842896525494e-01
6.283433274996363949e-02
3.558783975376842434e-01
4.503468661473164492e-01
9.164861894876286108e-01
7.767223754692180737e-01
4.275190420126038227e-01
-5.490180905892385610e-01
-9.287354409048662607e-01
-7.873490564227452193e-01
8.937186170211641745e-01
-5.397546262040864296e-01
3.611052159396095362e-01
8.973542368522799961e-01
-2.188403541646657402e-01
-1.329480545037053929e-02
4.570617092108881785e-01
9.647269093841737142e-01
-5.509586232281498130e-01
-5.984701141230572841e-01
8.399657590788065509e-01
2.430913779123864416e-01
-8.976216047369374174e-01
1.820392843379612380e-01
3.898929362248719777e-01
6.268398238949817181e-01
9.922792645061175865e-01
2.947488102717334968e-01
-2.734313448459191331e-01
5.517145033363011208e-01
-9.292294591212417743e-01
4.725492111659155281e-01
8.976223211332416962e-01
