-7.322092523004120057e-01
2.359995486614492322e-01
-5.242920745802215343e-02
-5.421424148037115032e-01
-8.877994263622217552e-01
2.219867529150154617e-02
-9.403265603750932122e-01
-3.017221264820402205e-02
4.312466266743815169e-01
9.251088933202431530e-01
-5.696274773810365843e-01
-9.622988446095948056e-01
1.119696591341847736e-01
7.463250662413143388e-01
-4.718304358282510158e-01
-4.196339355753262446e-01
4.674226527680864773e-01
6.204539837958398252e-01
-1.129337584881806578e-01
5.945234855067222934e-01
-7.275368909665240746e-01
-4.634512604924623247e-02
-9.433416268793535231e-01
5.299704143597534500e-01
5.576956542897675284e-01
4.026904740998360488e-01
1.855303895756372778e-01
-7.432471917492842195e-01
-8.690937031913572586e-01
-3.032613236064429785e-01
-8.576613165150424045e-01
1.005216043994223707e-01
-4.846269071280679963e-01
2.117823997191470298e-01
2.173605852759941115e-03
4.738769803871742958e-01
2.151227938273427842e-01
5.601483999333403130e-01
-6.582103119725486451e-01
-6.965644570368145772e-01
-3.031517430647254763e-01
8.967688962712991874e-01
2.512074489596531901e-01
-2.373719715439945865e-01
-3.834618979604331734e-01
-6.476348494235006914e-01
-9.323480122977867435e-01
1.805755951752086030e-01
7.819753260965214281e-01
9.297157514307028414e-01
4.822358115489229213e-01
3.283474534074650730e-01
-9.014650183658721172e-01
-3.826418731136513873e-01
2.523004483501924966e-01
-2.163376231083580237e-01
-6.551392680325089923e-01
-8.883854343017361099e-01
-8.500665616343292541e-01
3.990392608336899016e-01
3.597008370518179898e-01
7.425567102747341330e-01
4.975410868795107078e-01
-5.697705411191023028e-01
-9.233546639300573844e-01
3.291267615610464770e-01
9.274721411834268014e-01
4.507902592336510139e-02
-7.104493767274910887e-01
1.156273711405144677e-01
2.076775238164965121e-01
-3.957941589486702050e-01
-3.213148172035882322e-01
-7.435129738198005267e-01
-4.611731341205369539e-01
3.410071018819933464e-01
8.633450204903976299e-01
5.060450265581604157e-01
-1.344241984133276446e-01
-3.356365203584494861e-01
4.322829027173888949e-01
1.147705019611593436e-01
8.260337622414382075e-02
4.392906459883656467e-01
9.580699343003376001e-01
-2.435600552099208560e-01
1.739275954192578411e-01
-9.788861026583071112e-01
-8.919695359125625611e-01
9.317886280717639913e-01
-3.476384555926474995e-01
4.375224563194608507e-01
-6.862788929357863665e-01
4.107326945381264416e-01
-8.642996360677375201e-01
4.852023627844204157e-02
-9.442413117650994003e-01
-8.788920138233935475e-01
-4.613635372877404883e-01
4.439106938477670461e-01
-7.259849949445940087e-01
8.653474864019869983e-01
-2.856723898385149507e-01
-7.378048303149564724e-02
7.888615477775258178e-01
8.129241884284097441e-01
-3.360495431022298973e-01
-6.944558168747234639e-01
-8.087567228180305712e-01
-5.346133256669105549e-02
3.954108777237561601e-01
3.279604414165606663e-01
2.500671003436563122e-01
-3.775054537076996120e-01
-8.057873404986968247e-01
4.164519621265443394e-01
-3.198394142448546251e-01
4.408647075383496095e-01
5.759009701655668501e-01
9.844799009367435350e-01
-6.078451538888083316e-01
-8.365374477560760802e-01
-9.695428459713353320e-01
-7.261703085518580458e-01
9.100896875408972519e-01
-2.656120851517116410e-01
7.367567575606539521e-01
2.909820835452454624e-01
5.637787819683577339e-01
-6.007708701556537800e-01
-2.090774200662077753e-01
-7.865986062094412201e-01
8.751020567982776832e-01
-9.990772318759304493e-01
7.884031571820311335e-01
1.602005727713136096e-01
-2.054454940637158167e-01
-8.998851961450666792e-01
3.531943289910755013e-02
4.786798340498690241e-01
9.187080461627235017e-01
-2.320559046023618066e-02
8.467800541951631121e-01
-8.301139027244652802e-01
8.079133022700895062e-01
-8.685870677999814049e-01
8.796876401965119108e-01
7.130805408465816786e-01
7.936051518199183086e-02
2.178371308191615618e-01
6.507208772814658815e-01
-6.144349659732091240e-01
3.758924915162589198e-01
-2.931940795758918306e-01
8.070128037779675800e-01
-4.094109910842109734e-01
1.415796954503845129e-01
3.632561103945932679e-01
8.370432145552744174e-01
5.163039004155194345e-01
4.332469322846661530e-01
-6.329560040007649047e-01
-9.569253073074857063e-01
5.410737477592442168e-01
3.947965498985430699e-01
1.331598645315812401e-01
3.616226195978264890e-01
-5.069045119417237011e-01
-5.411390971011165174e-01
-3.969643609640876036e-01
8.040682254714406341e-01
9.827998959458001949e-01
5.920158289540298213e-01
5.021977830130759379e-01
-6.316495102287895680e-01
-8.595796037669676259e-01
8.669645329032205083e-01
7.407017524199457359e-01
-8.672773794614947462e-01
-3.447164910141189420e-01
-6.198753833703383176e-01
8.613147249891064394e-01
6.859866797894651480e-01
2.771463260226580960e-01
8.609589213960400222e-01
-5.105365854319359187e-01
-5.324023555644932237e-01
-8.891438456469713536e-01
5.670975158980893216e-01
2.565616227294362783e-01
-3.214634746589060121e-01
1.084400017717046527e-01
-2.598102204800389892e-01
-8.538131002252378199e-01
-2.679042870933630027e-01
-2.933758798779582122e-01
-7.043983764167478512e-01
7.153442883914502559e-01
-3.497852029842456467e-01
-9.766974634097205232e-01
-5.401772868467560329e-01
-3.440479257874349273e-01
2.278569926688713831e-01
6.286216463832472456e-02
-6.972637196813380456e-01
-9.645922440446790258e-01
-2.826220912014039133e-01
4.787448583025462057e-01
4.652735307281732346e-01
4.771379747276021099e-01
8.507629022805218710e-01
5.527702792365536411e-01
9.785385911052417729e-01
-9.495220070117094124e-02
-6.384504782885291885e-01
-5.773347981404026719e-01
-2.150866097597017301e-01
8.006342102690715556e-01
-2.588791435000714625e-01
-4.778565146026301225e-01
-4.167777220244879288e-01
5.252245679336062789e-01
-3.998385764088845384e-01
6.834752661122032169e-01
6.528541126187219490e-01
6.089713251031889651e-01
8.512747061467540455e-01
-6.156642581029192485e-01
4.150061539007825484e-01
3.153307961496880640e-01
-2.666337246177099551e-01
1.003078280146949552e-01
9.905729706906758469e-01
-3.639687097783887992e-01
-3.440325999123601264e-01
-6.282650477628288765e-01
-8.699650596425612115e-01
-3.622735844859872323e-01
8.609447533021881149e-01
-3.074762700741584531e-02
-3.526139684157179044e-01
-4.184930249603275865e-01
7.540955406643661263e-01
-1.614608861598927358e-01
-4.680082936557232731e-01
8.672400504324317971e-02
-5.779238910649360239e-01
5.030789946654816713e-01
5.023524637090091005e-01
-3.457520612236573143e-01
1.483539642504292377e-01
8.482063117749794046e-02
4.069399691553130527e-01
9.996098711337220166e-02
2.097561369256815134e-01
4.702547474894627211e-01
9.434669724144328917e-02
5.859414875578345949e-01
-3.443760209773238934e-02
-1.623545039218055042e-01
-9.843375947770320877e-01
-9.414948743784836704e-01
-3.457486792612285420e-01
-3.687227874628145052e-01
2.888942247171537581e-01
