-2.720289789156069560e-01
2.686344711753991810e-01
8.722394942194475753e-01
-8.321915303525326824e-01
5.261422034933798120e-01
5.965383558048689139e-01
1.213029689886746532e-02
7.195702534548420459e-02
-9.653708112434293831e-01
-1.444863032208716369e-01
7.051571588457616890e-01
5.966014024235035684e-01
-6.446458897193076965e-01
2.163732070511668049e-01
-6.770347371628950839e-01
1.117530093799357083e-01
8.130245784181080460e-01
-1.643662252101463217e-01
-3.838056770250501959e-01
1.629626041749716592e-01
9.619330030382706731e-01
3.196690785284341807e-01
9.431775025754995934e-01
-7.975103373295009401e-01
5.929924637825978451e-01
-6.441826573886086926e-01
-4.813128403699540314e-01
-6.095842006423191073e-02
-4.376315439824305376e-01
8.822018043367663154e-01
9.562393721848065908e-01
-8.220493735073381991e-01
-2.000621081606328566e-01
8.161293488991916423e-01
-1.016545057852569212e-01
-5.283684727016604299e-01
-3.430151784788129099e-01
1.142131800042127665e-01
4.576279487644105970e-01
-7.850756568886252396e-01
9.567597572399568762e-01
1.951732200058637900e-01
-9.567219970548297425e-01
-9.056540640276979914e-01
5.433972166448395313e-01
-7.969136278888495628e-01
8.813008079279214257e-01
-2.115538094835693883e-01
-2.747750373148767356e-01
-9.029710109367949933e-02
-4.522256155219754881e-01
3.098865818374192393e-01
-4.036066083003069238e-01
-8.498665842337795873e-01
6.550582828295377080e-01
-1.907443058296045546e-01
8.575983538790499239e-02
5.546943855761647946e-01
-6.114549864657381484e-02
1.327139318005503554e-01
9.548322299521228018e-01
6.249530137917824746e-02
6.116631307823330310e-01
5.259611232634164857e-01
-4.568114913689287349e-01
6.862336976760694540e-01
-1.617436808206829113e-01
4.374827364397657625e-01
-4.548800052373733749e-01
5.480661946401397255e-01
-4.928978169007838250e-01
-2.658795536992453190e-01
-4.640043804949827155e-01
-7.166214187775172828e-01
8.432426860065957985e-01
4.935561356232696095e-01
4.803177504289863897e-01
6.535616606986074384e-01
-8.758555177610616305e-01
-3.859882562209069334e-01
4.975660079431949434e-01
7.565872758416143373e-01
-3.746128219508026991e-01
1.965962503483393853e-01
-6.956774755138277477e-01
1.995958710552843129e-01
7.692065802691381293e-01
-6.089204454591259363e-01
7.128683575981460407e-01
-5.722831703945576720e-01
2.155822938406983802e-01
-3.422759260229848444e-01
-3.906070803784844614e-02
-8.667144891471889601e-01
9.088137737323371823e-01
7.380067850267677532e-01
6.852577306560245773e-01
8.648222595340440133e-01
-5.837986036506628285e-01
-5.013759449710821769e-01
-5.748952165691489924e-03
-2.350460679116717078e-01
2.875016852981311377e-01
5.175871959182343218e-02
-6.804238250820260347e-01
-9.555480658529496019e-01
7.285588611262623360e-01
6.140907623913400837e-01
5.313605846858102666e-01
-8.319477892947135800e-01
8.380587859678869656e-01
7.268163574019936846e-01
-7.462774467354027497e-01
6.648675971444473198e-01
-9.208939977494268181e-01
-1.563063887081690417e-01
-4.417175786847620245e-01
-1.267396133634863808e-01
1.163770077001726744e-01
6.816061373965154324e-01
-6.564220501741804270e-01
3.208679372684235531e-01
-4.699544445484034050e-01
5.414994459603632571e-01
-7.249952539872603907e-01
-9.023338769235955681e-01
-9.554046097232029577e-01
9.656488603199888665e-01
5.683098559559460750e-01
-8.852952595767877852e-01
6.785822420354694628e-01
6.674801701930772602e-01
-1.090998077326748028e-01
-5.208164109036119704e-01
9.327809329857750242e-01
-3.079381487447565569e-01
-3.317580089655489672e-01
6.015013397873074652e-01
-7.168112966489488258e-01
-3.110481490571470609e-01
8.309446858239271094e-01
-3.160324126862401606e-02
7.865773334197145861e-01
8.390034407213668999e-01
4.532813936529187515e-01
1.550263709511012777e-01
3.817326963909943860e-01
4.012116790943851541e-01
-8.907932838192911262e-03
-2.947712586196664653e-01
6.096921325418414028e-02
-9.759264703228818227e-01
-3.972661080459571892e-02
8.271993242771058519e-03
4.290774976177429423e-01
1.757527954080995158e-02
9.359957590538670047e-01
-1.877187288981416735e-01
-2.910215068637029834e-01
-9.434514380921585897e-01
7.033776962761004725e-01
-7.469424718322072998e-01
3.183799808963727607e-01
8.070193892837744798e-01
-7.776364463222817935e-01
6.587055867512674467e-01
6.787230407374211794e-01
6.934494046535899514e-01
1.607584464541771396e-01
-4.538732277220556277e-01
5.743344354567545551e-01
3.465307758244806635e-02
4.052574302440357101e-01
-1.441764945023153999e-01
-9.437685226932828186e-01
3.431354937686543760e-01
6.846237245143522721e-01
-1.747144968914478014e-01
-1.472730512385400647e-01
-6.872512278949787223e-01
5.918118241206782315e-02
-6.122130888796970538e-01
3.474588742026423205e-01
3.614575122798240336e-01
6.137624788348532423e-01
-6.124153145167825496e-01
7.941115509550011886e-01
7.522681379878468633e-01
-5.827564384857422120e-01
5.029926502857775539e-01
1.799555174509359645e-03
-8.019642514444758064e-02
-7.831485445037422721e-03
3.129720300394926991e-01
-7.345815294620980929e-01
6.874343668676476948e-01
2.201543318441672170e-01
9.003879610097182962e-01
-7.747438246989224453e-01
9.359393768604511443e-01
7.807822824458907629e-01
1.658283930706687670e-01
4.897251706007565986e-02
-3.026698632279574142e-01
2.802239602565050891e-01
-4.071044153689393763e-01
9.534709575384701097e-01
2.283969045810410048e-01
6.309450975406791784e-01
1.627758682780420241e-01
-8.215044441333092529e-01
-2.015835439155069242e-01
9.626459890268184161e-01
8.941392605282350026e-01
9.124777961455678987e-01
-2.532820070470600538e-01
-4.574481451501002383e-01
-4.807360725295835024e-01
-3.739597427817740183e-01
-1.008686740568376372e-02
-7.338063189991652635e-01
-3.794171636887329058e-01
6.130822385820637876e-01
2.874907166809492765e-01
-5.233800449447099101e-01
4.330963931208566819e-01
9.794937081603896090e-01
2.742491538308575727e-01
2.469850850449042401e-01
-8.379411217826100433e-01
7.640130046834228139e-01
5.623898972276251129e-01
-6.464097473756469370e-01
2.207274412689586018e-01
9.542088313813397171e-01
-8.463582362508696999e-01
-9.298837429874808880e-01
-2.925782260929084000e-01
4.376085309246013910e-01
-1.443198596114931842e-01
6.442237802508381517e-01
-2.789283040924408485e-01
-5.492408411826188441e-01
-8.333369968748931544e-01
-2.684490932714900246e-01
-7.546831338499984110e-01
-1.684163862016796465e-02
2.642793036532320450e-01
2.279740056852670449e-01
-6.164063685749066046e-02
-1.674700645084266082e-01
-1.637787709928377744e-01
1.182897975334509244e-01
2.509137496516111732e-02
-1.369883146956754061e-01
-9.812482322389819434e-01
-7.102667902218102736e-01
7.039062368217625654e-01
-3.498103069014140143e-01
1.482827344110413392e-01
8.769444645083463996e-01
5.032149373119769731e-01
4.112347571321199879e-01
-8.798481453653823614e-01
-5.183278341825161561e-01
