2.337789404773495949e-01
-5.199929184220626333e-01
-9.252578149999659551e-01
3.907055865291728658e-01
5.385033529163543164e-01
2.762803064289753863e-02
-9.081096170923075306e-01
6.341605732384381078e-02
-7.811852157507093164e-01
9.415850719227611965e-01
8.786919562101784820e-01
4.669843807819566983e-01
9.265195513675461569e-01
-1.336901357916275845e-01
9.617383187988912674e-01
-9.566399597058956594e-01
7.750714159943343784e-01
-9.661087325021640027e-01
7.540863179904986335e-01
7.673826790757232175e-02
-1.430821694327799598e-01
4.880075082155816979e-01
9.794279594179422510e-01
-4.294777380048619975e-02
-5.570580895695276258e-01
-6.280108867630611602e-01
2.414971500013070038e-01
7.177450706433927685e-01
8.639224576550890156e-01
-1.830553265060292922e-01
9.471502799488940028e-01
-7.210593595425995872e-01
1.337077546001943507e-01
2.917319329124445915e-01
6.440551605710354011e-02
-7.913251887261070205e-01
5.067363682954257875e-01
7.071731565042667089e-01
-4.306065943531915963e-01
-6.318243959733220727e-01
-9.548182705037928653e-01
6.883671606037173873e-01
-8.206293379996436599e-01
-5.280249036064055268e-02
1.790128997174711412e-01
8.682160098237352575e-01
9.478753461597204666e-01
9.578328044480821646e-02
6.984707311177813516e-01
8.725313922924140542e-01
2.634927876241262013e-01
-6.057574798025138207e-01
3.037430675053709450e-01
-2.693040974483524863e-01
9.886367338141939243e-01
-9.786626680561785196e-01
1.582355217234898692e-01
9.047802617713451845e-01
-4.113296068153231566e-01
7.835165660818972366e-01
-2.592924627494328504e-01
6.569813180880195169e-01
6.303976399355679661e-01
6.116381833190960293e-01
2.754695714065373835e-01
5.319163693368422763e-01
2.591682800320875835e-01
4.234314110873858006e-01
7.732107037698767726e-01
-1.719899220179836874e-01
-5.496395311722819255e-01
-2.875646809002649906e-01
7.620181764591100748e-01
3.446961822064968928e-01
9.637974632967538646e-01
7.283052975102344284e-01
-5.825771133296893112e-01
4.529017636692880266e-01
-3.113467458570573498e-02
7.555011766690800101e-01
2.339381644755500478e-01
-8.172343071916388091e-01
7.112707362484855800e-01
-7.231328966924750468e-01
5.522557441831621450e-01
9.124014173549863660e-01
3.056125940417264708e-01
-5.767989059366922522e-01
2.998935052966462678e-01
4.812438438889152792e-01
6.078620409469877028e-01
2.274119656556095048e-01
3.726932725998906015e-01
7.846382694795066559e-01
-9.881239651660300716e-01
5.026730223523014907e-01
-5.404872459769385351e-01
-3.382817459911158231e-02
-9.590296610213722150e-01
-8.360826296248098366e-01
-8.894066589735059036e-01
-7.130485175198764125e-03
-8.820675565476341351e-01
-6.778581135236860788e-01
5.441670434993981509e-01
2.816050688674782698e-01
7.178407717245505193e-01
5.562633571739317162e-02
-2.248685092968627508e-02
1.881729741694979641e-01
-1.361072695419647260e-01
-8.146358554428312360e-01
-7.544231003856005646e-01
2.238852988533359678e-01
-2.481669865130657904e-01
-5.936401311163219674e-02
-8.681815970064881149e-01
4.499673039591116641e-01
-9.483885660447952670e-01
-3.767638745948982404e-01
4.452988840801026527e-01
4.246245909239281247e-01
-5.810779956677847302e-02
7.713794506913651539e-01
-4.803825174043072632e-01
-3.648644856100404787e-01
-3.156279605997069915e-02
-7.500860226738885750e-01
7.858881799015151604e-01
4.826486849895861297e-01
-2.554736212243700066e-01
-7.668514319526775758e-02
6.766187224278006340e-01
3.614027912042128143e-02
-9.441744922804460316e-01
8.610790604730271802e-01
-5.258197493465068817e-01
7.812944104493257935e-01
9.563375147813386601e-01
9.591743828698080510e-01
6.656649200023250224e-01
-5.320749706104810350e-01
3.964617264997212231e-01
1.987920256372137651e-01
3.836877162064995517e-01
5.722104900116289361e-01
-3.966056789959029327e-01
5.862950002057365495e-01
-5.026258050216623197e-01
9.287197527960384669e-01
-8.926347290252063527e-01
9.983133653392410878e-01
7.017994168473618011e-02
1.522325700123763337e-01
5.102869052705276687e-01
-9.086867374333251757e-01
-1.258864331356930322e-01
4.036462145399286605e-01
4.699904293815284628e-01
4.257124294544165632e-01
5.248176040238421436e-01
6.734084024105877475e-01
-5.269317728041125193e-01
-3.497758492437035294e-01
3.210103605886833744e-01
6.632587242891310186e-01
-9.663050810486204512e-01
-9.803265747488243420e-02
3.943124623689420183e-01
-4.328433528097304084e-01
-2.014119946324106625e-01
-5.488045591123860145e-01
-1.292143385540647227e-01
-1.505988611262598642e-01
-9.858217168692973154e-01
2.766753226592770787e-01
1.087100838203129971e-01
4.362342256959350628e-01
-2.843913533717981057e-01
1.833070822252138576e-01
3.182928642446201106e-01
-5.020060785052513630e-01
-1.049306696486329571e-01
-7.454944302174011383e-01
2.244579853312402840e-01
1.355828543846477885e-01
3.193604115592858506e-01
4.173169526892552827e-01
-8.301270532263118618e-01
-8.350240735195644248e-01
-9.844363367782626995e-02
-3.937973675170416410e-01
3.617528511601042496e-02
-7.037685358477798747e-01
2.909734541302055888e-02
-1.778607093466233469e-01
-4.354762880286477955e-01
8.957507955605295002e-01
8.187124607870535087e-01
1.583065627279420795e-01
5.673682353477016438e-01
6.815366262828632671e-01
-8.191595008690730761e-01
9.678175843854288640e-01
-7.521219114855570709e-01
-2.231534214555916940e-01
1.683607237115793964e-01
4.594662901218109496e-01
-1.064896859013966246e-01
2.829311959467128990e-01
4.237382724160299041e-01
-5.122520658926257298e-01
9.128924554495174704e-01
7.109141360390707209e-01
-3.086666503636985581e-01
-8.597194088796284994e-01
-7.445528403278445229e-01
4.515949672800534387e-01
-1.640738940844297389e-01
5.786967158919633647e-01
-8.641311823814685766e-01
3.645466260395631153e-01
-2.046830284527811905e-01
-7.263922380588350158e-02
3.423835949919198374e-01
-5.261860863827958479e-01
5.413524534718665571e-01
9.451314240909032272e-01
-4.427469191371937729e-01
-8.937890213759638325e-01
-4.280512496235457931e-01
-8.003647138229288416e-01
-9.932953962022565975e-01
3.398993171131374780e-01
4.310713539480204304e-02
-1.309044182981395910e-01
-8.967336376530175013e-01
-5.190365738141220486e-01
9.799754838239229660e-01
4.086818199579205224e-01
-1.064386743065044438e-01
3.417910101141381496e-01
-1.753545354010181967e-01
-9.290889760231173522e-01
4.366399985992996946e-01
9.376582946419818043e-01
6.317157447090426814e-01
2.377958747909831860e-01
4.190145081797804760e-01
-9.899837879253370332e-02
-6.009141845582277597e-01
3.332626491735628527e-01
-9.938037149747009913e-01
-1.927593495344408492e-01
2.292960224130415892e-01
-2.231135923089886397e-01
4.060484942817930154e-01
8.139295673356479188e-01
6.012465960292758815e-01
-3.069801267888965235e-01
1.736816725531136196e-01
7.783866584372567399e-01
4.046686126283212115e-01
9.992252016836815631e-01
9.241719571939459588e-01
