-8.837148203234561628e-01
-6.144216765612229292e-01
-9.037348609146695910e-01
1.841875764453082542e-01
6.901952102442283632e-01
-2.201817144330404652e-01
-1.927949124983805440e-01
5.256896217225139889e-01
9.397976654925055406e-01
9.128487811073595637e-01
-2.552233151665805888e-01
-1.703063727000992955e-01
7.033164186654015104e-01
6.146622805354144958e-01
8.937135021800894918e-01
-7.089817593775136206e-01
-2.192081125579654621e-01
-8.907666581020596830e-01
1.363373823587468170e-01
5.853351325045299536e-01
6.609557329430417738e-01
-8.727432370140080220e-01
-6.033433208269598502e-01
8.228909650329039316e-01
5.772669408741866182e-01
3.993681343685779872e-01
6.041867250654862076e-01
8.977715024829417967e-01
-8.997254679041293279e-01
-4.988514796625544978e-01
-5.850725308630686516e-01
-1.480841157689241072e-01
8.249733599008846063e-02
-6.229951096659904763e-01
8.734576994700078423e-01
3.355355590603905647e-01
5.390008164505328825e-01
3.577560328060824801e-01
-3.182032960163727608e-01
-6.272605439537797256e-01
9.625310659918939749e-02
-4.849808884733297631e-02
-4.797409836662904770e-01
1.537809278109842914e-01
-9.353312882140611961e-01
5.861955549496009610e-01
-7.166786761420174123e-02
-6.075823094007746228e-01
7.597465804812428836e-01
-1.516109772608142947e-01
-6.757719723537338741e-01
-2.657129459165445962e-01
6.215472826656660565e-01
4.594912480026014379e-02
-1.417240530212973137e-01
-8.996466596018146689e-01
-7.605055629104486847e-01
-6.686477935473567058e-02
3.433170560144047645e-01
2.643492347830314060e-01
3.238352434804305791e-01
1.868493307897594047e-01
2.037229236196009818e-01
6.548311069612959834e-01
4.508463994533973285e-01
-7.795741387990136051e-01
8.196237584333578852e-01
-2.252473626848767729e-01
6.402570965404830172e-01
-4.421447758627992108e-01
-1.437950341366567297e-01
5.831848148219336281e-01
4.456257256681128709e-01
-7.488226228122807360e-01
6.351935193556466075e-01
-2.526030929622726795e-01
-9.479725817098756391e-01
6.949974268779459674e-01
-2.605599149473767362e-01
-9.809004854608565083e-01
8.802979898490945754e-01
5.693110209866640847e-01
-3.095819091302045578e-01
-8.860433792107518247e-01
-8.319447079100124043e-01
4.063364473038511004e-01
-7.758194189210265712e-02
-7.688546235591176004e-01
-6.702430782718269420e-01
-4.210618223754214462e-01
-5.187687498302344657e-01
-7.122687636013491641e-01
7.190045602992642948e-01
-7.721422068566170527e-01
3.606557406676458299e-01
-9.020392224799171910e-01
-9.391924092685357550e-01
-8.356258303156658407e-01
-6.577607345144200757e-01
8.062025164463317850e-01
-1.561510479406429397e-01
-9.709762107154824573e-01
-1.189204012843996239e-01
-7.937869462539748344e-01
-7.284460312141789462e-01
9.758887653746972646e-02
-3.939151805418772412e-01
5.310987426816686785e-01
8.803031573158739409e-01
-5.650398482835541358e-01
8.980242407411989092e-01
7.359853105724487587e-01
3.002399911694102475e-01
-7.352001394329144013e-02
-1.906834342444398978e-01
7.710555363907298787e-01
2.930001787564777693e-01
7.724296323201094161e-01
1.658857981566692619e-01
5.675688482143512736e-01
-5.030870381475813780e-01
-5.478532172810868239e-01
7.217695270508914795e-01
-8.058817329730314505e-01
-1.798327378299879875e-01
-8.202102707894454170e-02
-2.194943183224824512e-01
3.800956309861480698e-02
5.366559598900613182e-01
7.604565247218895152e-01
-8.066270611742698549e-01
6.620759755535958746e-01
-6.725550420848644961e-01
-7.767470062130907849e-01
4.973488710138895819e-01
-2.860084297934324393e-01
8.870464707279479555e-01
-1.674148241953190563e-01
-2.417369288167945385e-01
-5.294851182465583062e-01
-9.382658545311346465e-01
-9.058628363748111312e-01
-7.785079057352888299e-01
-1.789954385306784523e-01
4.437578012047829201e-01
4.326424924840024389e-01
-6.116889011154811318e-01
4.562668058707632923e-01
8.941559588072487408e-01
7.352709876944110157e-01
8.274555631911628684e-01
-3.147091581169996211e-01
7.132166240689619130e-01
3.232069369418932858e-02
8.939099445216109885e-01
-3.840017168010512183e-01
7.217927145506424225e-01
-5.138562339460059913e-01
9.836675312427836104e-01
8.391474225930704023e-01
-6.426459784590394797e-01
5.663592206244354443e-01
-1.914038893783658324e-01
5.881827112118249712e-01
-8.480951238200158393e-01
-6.143378319908765484e-02
-5.388914738714616348e-01
1.773298706452579587e-01
2.095915331127518044e-02
4.681822830153001824e-01
5.227853761317380332e-02
-3.607640521424260172e-03
-8.462240752722181014e-01
6.545293326633681019e-01
-3.716216653845061391e-01
8.828530939499925623e-01
-1.934872287616857811e-01
3.004734407788003381e-01
7.012207495286972847e-01
1.236343896026699252e-01
-8.624127427594574513e-02
-8.283033798749692700e-01
2.020757646949622455e-01
-1.582783639260814113e-01
-3.099667954112350632e-01
1.144126052960616757e-01
2.093549722892218412e-02
-1.607014038878371576e-01
1.756064708838704913e-01
-2.975897082155176676e-01
6.663234669714546143e-02
1.292380844599623213e-01
-5.604720271053116321e-01
2.313245252630007354e-01
-9.284140203114843448e-01
-1.369409375290480124e-01
-7.921360497114511290e-01
-1.493600720505683377e-01
-3.580485863392717238e-01
2.393073418325868396e-01
7.592102566290059862e-01
-7.036403986052368609e-01
3.982932926394688877e-01
-4.426311996464118437e-01
-2.556600716797701178e-01
6.983862166730023802e-01
-9.150795000507077059e-01
4.794837518017507350e-01
-9.163616705164281395e-01
-1.875849943552290178e-01
-6.498753582024245912e-01
-6.470051999877401983e-01
5.303861098992812551e-01
8.986426176985413683e-01
-4.303279491333324991e-01
5.228837983999738981e-01
1.420884045126697970e-01
-2.595334015577925868e-01
-1.251217661673975634e-01
-9.091776380958926929e-02
-7.117092621585516810e-01
8.027675155031754883e-02
3.643891746898095807e-01
7.716017135712198716e-01
-4.089923004090914027e-01
-6.562347706837026173e-01
3.555566667427996208e-01
-6.038134933125431925e-01
6.817631145218916444e-02
6.652108921193611302e-02
-8.511918670875329163e-02
1.534196965276666269e-01
3.328269406043751211e-01
-4.139883539369426657e-02
-6.712821928708558872e-01
-5.530049090949129553e-01
3.888841353978644833e-02
-6.587961137510989218e-01
-9.186757025964482626e-01
-7.494374890640695952e-01
1.956727507557478596e-01
-8.372850498722050894e-01
8.847874825713315516e-01
8.475132574418926534e-01
4.846447442323453814e-01
4.870539002920724059e-01
3.162015028257902927e-01
3.952356416756774848e-01
3.900689729479540624e-01
-7.999244617971486004e-01
-5.619168615756879870e-01
9.200092732305837906e-01
3.623778186032144966e-01
8.492082913416618695e-01
-4.859962307847744967e-01
-9.936590054288623186e-01
3.246355584457405463e-02
8.999296024947902595e-01
7.529930642171251964e-01
8.140322530859207539e-01
9.770814815165853595e-01
-4.177933051310911416e-02
7.846577845331645928e-01
9.623882518032678135e-01
3.989340447084750441e-01
