1.336047254642616089e-01
7.215576382029038616e-01
-7.720850823566123289e-01
-5.474640787117799334e-01
-3.679808219015239246e-01
-9.133995513666346433e-01
1.853794948759523997e-01
4.479733830084313695e-01
-3.088233351555160766e-01
-6.175219696135163527e-01
2.318473217896555028e-02
-2.117135013591471271e-01
-1.355578680361535504e-02
1.905529691014973270e-01
4.031884191930901196e-02
4.394636855423885713e-01
3.728102191924653752e-01
2.392611311487424786e-01
5.062282772317168167e-01
-1.824936064681259573e-02
3.927120809152044867e-01
-3.353043086952234297e-01
-9.471220241316804511e-01
7.503665521444102815e-01
-2.877712473698657014e-01
9.332964483135772760e-01
-6.234306655919814588e-01
7.037730277146341251e-01
-2.624152651392075430e-01
-5.177934674045636676e-02
2.775176447997544926e-01
-9.020992996178762713e-01
-8.511121024527699142e-01
7.704446399712367999e-01
3.365634375784734011e-01
3.489039845553858488e-01
-4.247378529246070844e-01
-1.338549335192504852e-01
-7.773103758110606609e-01
3.959821704118215990e-02
9.801899284787203293e-01
-6.649058021913187844e-01
6.854772851725225991e-01
6.176067233592323902e-01
-5.248332828985391441e-01
6.254763081559004956e-01
-4.674213484125244733e-01
4.458902876237698099e-01
-9.574511275909820540e-01
-3.977772335703275708e-01
-4.094946547913667079e-01
9.034035493764274172e-01
6.454609295814548453e-01
-2.547260472588102065e-01
-9.023925316300829280e-02
-2.676484045066618300e-01
5.501906379726184682e-02
9.575806430771933719e-01
2.376619599438267727e-01
-6.749527913730106743e-01
-4.710327601790917917e-01
8.305960985117524231e-01
-3.629841735152294913e-01
-3.324980704170852341e-01
-9.702769561873973991e-01
-9.394757117231953281e-01
6.520644194706715080e-01
-3.188112026911200658e-01
-2.049868767726641394e-01
4.146031814331783139e-01
-4.346558461771889981e-01
4.245882514687169262e-01
-7.358495876814830083e-01
8.772162521046860117e-01
7.020644446876578293e-02
4.329946991005586554e-01
-8.981087234333287039e-01
5.079632092336636706e-01
9.245504778120601230e-01
-1.307521182214435029e-01
4.013439162209011535e-01
-1.008252501036841497e-01
7.686821933833019038e-01
8.744185436654690058e-01
9.537886758191493897e-02
-2.029923197705902904e-01
3.945140149536121577e-01
6.690732792134390650e-02
-9.928618137193381266e-01
9.742589082490882291e-01
-9.964470710218422678e-01
6.061996891104248775e-02
-7.732937099035797068e-01
8.644565308038292262e-01
3.941891309589018455e-01
-5.645390738281872434e-01
5.141610063079959936e-02
6.071132001725976224e-02
-5.298893163067905920e-01
-4.754513257188999198e-01
9.177760704381914270e-01
3.980662567196369128e-01
-3.572615960652241185e-01
3.018928267307456892e-01
5.325169064964123677e-01
-6.926945637930392863e-03
-9.009829855635891338e-01
6.910289471665345129e-01
-5.552853542690661115e-01
-5.431968887671709822e-01
-4.058119002888351812e-01
2.435117449275741031e-01
-8.017675527450216499e-01
-5.095441508882192494e-04
6.062780796174203068e-01
8.878205551238416149e-01
7.785645204799092056e-01
-5.312497694484452637e-02
5.372020832238089127e-01
7.459199559025320170e-01
-3.303681691684192678e-01
-3.863132729602307691e-01
-3.449349862288151325e-01
4.234068577295511115e-01
7.937665848995243412e-01
2.521188388721926632e-01
-3.921048474358441727e-01
5.887385239724081121e-01
-4.700609885010940125e-01
3.896954698269761153e-01
7.583710778422787513e-01
-7.746723105205204352e-01
1.694193543001754065e-02
-4.057534327704377386e-01
-5.637064569270135994e-01
-4.588008560750711506e-01
-8.801603874810965955e-01
3.855590506942245810e-01
-9.840819543743426490e-01
8.324145572351293598e-01
4.307788010791593347e-01
-3.495224244161014848e-01
1.631914143932251537e-01
-4.527373249422939061e-01
-9.905458799440982620e-01
-9.054871361370515626e-01
1.092250604083799814e-02
-3.620211708038199028e-01
6.091668636124287772e-01
9.721137556999681628e-01
-1.184136124508206045e-01
7.295747937630439051e-01
-8.610733602164111211e-01
2.421463693574992249e-01
1.546903962740142635e-01
-4.356040833911478671e-01
-9.019852554058820360e-01
5.119322820952332265e-01
-5.107085824673736063e-01
-8.068061387229696901e-01
7.792411854330809629e-01
7.999933522955027243e-01
-8.319689205132485554e-01
-3.021477952682589674e-01
-4.542836461634691680e-02
2.907533065178107279e-01
9.963068829501617873e-01
-5.073709586360939383e-01
7.932104377723157018e-01
8.830783341661272434e-01
9.469851507382842648e-01
-2.880239160154269840e-01
5.374873253289782493e-01
5.673248089020797025e-01
5.880164050450242819e-01
-9.030216846471361691e-02
-7.753212069000865458e-01
-8.090197886030483510e-01
-7.854926290239707676e-01
3.849563191582141553e-01
-5.111553629369520735e-01
-2.949497249747690120e-01
-4.311160001133922393e-01
-2.030014348998607776e-01
2.302852046640790906e-01
1.135648265138580193e-01
-6.587890476530040562e-01
-7.015839256738904961e-01
-9.474827164824934922e-01
-6.167165370163720794e-01
-4.965047367399164635e-01
-8.709020506851339327e-01
2.366644094081360450e-01
7.575969259475574535e-01
-7.184803918513078536e-01
1.294609243431299461e-01
-8.107544384427225470e-01
3.562884371599115418e-01
1.623745312743527514e-01
4.988735255138541103e-01
8.821865414617522383e-01
9.081761466041931019e-01
-8.082067000360415587e-01
-9.852853631781792743e-01
1.378211605554426900e-01
-5.139124874111455910e-01
-9.707345327928917911e-01
6.285772074269138088e-01
-8.976810122740146447e-01
2.195154486324337739e-01
-5.140874323343536112e-02
-7.293493497026730665e-01
7.983015018331540702e-01
7.091456141035514804e-01
5.281062589573304322e-02
-8.114126573171105417e-01
3.949831928949678606e-01
8.868211286910625546e-01
4.574392677002103724e-02
7.576370268700067800e-01
-7.287786897337658054e-01
-9.435322076283239046e-01
1.473282836891318670e-01
7.631644182473404925e-01
-8.905839400847113119e-01
7.271857373745580500e-01
1.188644988879863362e-01
2.849485985594801818e-02
7.853272160165969407e-01
-8.938652987618096457e-01
-9.240487239376111717e-01
8.358624099694791365e-01
-3.749745719248014364e-01
3.220398160262316622e-02
-1.124484474445786031e-01
7.040193729822992186e-01
-9.101102245418242198e-01
-5.528763625934667303e-01
-6.199196687125825278e-01
-1.350927130864782999e-01
-4.000116205620254384e-01
-6.662743791555438833e-01
-2.348312298929469133e-01
9.128127228944373783e-01
-2.688176898319454278e-01
-8.695069497844931661e-03
-8.533397019916171278e-01
-2.922586463835119552e-02
-9.959061337799066660e-01
-8.221487488460192949e-01
-2.986456362149887411e-01
-1.175822367500789500e-01
-1.565655540006507529e-01
-9.385861255756200450e-02
7.863506806478315347e-02
-8.894230576661499299e-03
-3.898230223778260672e-01
2.680901507668265182e-02
5.279682114668613480e-01
9.694485747252445940e-01
-4.416761280661822830e-01
9.455012808739318153e-01
1.641392730191659766e-02
8.217020090607991545e-01
8.379951314135627438e-01
