-7.516109545254245905e-01
5.538296905322586117e-01
-7.898417908684431943e-01
6.691459587852917057e-01
4.887266176778815030e-02
4.495345744346472827e-01
-3.632520879678573511e-01
-9.194310811576822395e-01
-3.084448463663140849e-01
2.452353615019950972e-01
-6.041649279400036487e-01
8.387621560237206175e-01
4.948426756037029861e-01
3.365372534674386795e-01
7.209383702270850680e-01
1.394422102950672038e-01
-8.131950669312253410e-01
-1.121862632962480344e-01
-2.103898085852984323e-01
8.853841326089033625e-01
-3.862683092839984678e-01
-6.666663225930864467e-01
3.091260668916060439e-01
-1.840433521393760596e-01
7.886108001802922818e-01
7.858276565299384675e-01
-1.733812589325971487e-01
-1.333830139096936485e-01
8.911323954098646638e-01
3.550004035656320056e-01
-3.252080051464794064e-01
-3.206465870135566387e-01
8.296907113417701929e-01
4.880297169159764081e-02
-2.488622183186683934e-02
-9.585903635571149106e-01
6.833283586438942958e-01
-2.943729050434154004e-01
-7.555433710409675818e-02
4.251845845264241586e-01
1.633982100609663313e-01
4.152693130761437867e-01
8.135595034860738650e-01
6.907552292457050935e-01
1.399078934028104015e-01
3.013880454221684602e-03
-8.742043791647335915e-01
-9.797627289211123802e-01
-4.141523359890539879e-01
-1.702465878616505890e-01
-4.807212843477519648e-01
-4.665660500137427391e-01
-9.283689815583908711e-01
-5.432949858933477927e-02
4.829623050928912864e-01
-5.756846954658638715e-01
1.610670131581191100e-01
-8.153999501964892538e-02
-8.761940065075859430e-01
-5.592375540861316274e-01
-8.529549553091109182e-01
-9.599843236466316654e-01
7.380752320856607263e-01
-2.468558099301594311e-01
2.642699314537877431e-01
2.979125658015375766e-01
-8.388218616216218670e-01
5.190941214106126189e-02
-6.997041965974604150e-01
-8.758758124903121001e-03
-6.628810095068815578e-01
-5.392949858162490173e-01
4.929279426180730450e-01
9.917191034096344282e-01
7.151461167447445977e-01
-3.255559805917873639e-02
5.128998114876095471e-01
-6.761961964782079448e-01
7.382584932130651367e-01
-9.965455525983453189e-01
5.905168748432267911e-01
2.709804164324491893e-01
-9.816793370975576138e-01
2.955354785670363249e-01
4.315710505936154462e-01
2.011664353257747173e-02
-9.389036343790522210e-01
-9.658366414439458758e-01
7.792665896813932846e-03
7.884893671090833500e-01
9.653303876379550896e-01
8.775329673721967705e-01
-2.561867719459833825e-01
6.901218353768781011e-01
2.495927717216614994e-01
-6.711152928336061585e-01
2.867871491858697830e-01
5.341752543836173484e-01
1.234992891734485454e-01
-6.609815000910179705e-03
7.422210060132061749e-01
5.344833552523313713e-01
-6.722547375481491283e-01
-7.456500119583071573e-01
-9.078300349082413234e-01
-6.483368136628826495e-01
1.307704116719810017e-02
-5.910256336056101123e-01
-1.952758181325227049e-01
-6.001349403854221443e-01
2.236065478352118330e-01
-9.419192780492853245e-01
1.254838949236174450e-01
-5.782239661611621173e-01
4.384201439060446681e-01
4.132902100736375317e-01
6.319366891623392490e-01
9.993745723174864981e-01
-2.929333489358534326e-01
-7.196761987762407831e-01
-8.878692077587413412e-01
-4.744505192271231131e-01
9.374240884651552363e-03
8.867089694773881980e-01
1.234890658743759140e-02
6.547946444621592921e-01
-6.434846477458198155e-01
-9.904499686290961780e-01
-4.479544353057804962e-01
6.441725518158787356e-01
3.180250439201621759e-01
-2.533516130530626409e-01
-9.112691345927470543e-02
-7.237469327595160706e-01
-6.304626570005904540e-01
8.551164645738085213e-01
-5.145393664922206511e-01
-7.754612074529496635e-01
-5.540448822171240018e-02
-2.918620366296089674e-01
-4.413420664418334916e-01
4.696631565448528001e-01
-6.264538038106630680e-01
9.752599809484383542e-01
-4.696286277591730229e-01
-9.928036637767545525e-01
3.349067925001265600e-01
8.692264748776854510e-01
-5.482258792914644907e-01
-1.928844219144609795e-01
-5.561114084650076173e-01
1.689346709479713216e-01
9.592822294314775622e-01
-6.669965331874632142e-01
7.760715053262972063e-01
-6.772499002108338662e-01
-7.511163536360614401e-01
-7.327212744445639192e-01
2.574536230396526904e-01
6.160740629102350319e-01
-4.028052215910702394e-01
-9.936862992705044473e-01
-4.674207428780756679e-01
6.786798412348336029e-01
2.371398233073234163e-01
7.904862502317751005e-01
-8.333435602181915591e-02
-9.494770247512518413e-01
3.660488118521318945e-01
-9.107529878863109829e-01
8.528789049695439939e-01
-8.188084619666951003e-01
8.738917552934308830e-01
7.937391287664978812e-01
-8.537714747829783235e-01
-3.750667538427558956e-01
-3.903167256115114281e-01
5.059501246134709973e-01
8.398544522474209462e-01
9.808948530845760239e-01
-4.506309374616825902e-01
4.735621635437872179e-01
8.929189316735193227e-01
-1.560060067624209346e-01
-6.427329443511966556e-01
8.395091128300640193e-01
-8.241779033302778501e-01
-6.944210764364715516e-01
-5.292079425154363470e-01
-9.381085386712939567e-01
-1.599505056595338370e-01
-7.211327054677334480e-01
2.864060860638357742e-01
-8.603690397769345743e-01
-5.140797539887624890e-01
9.506837328917696617e-01
-3.634934965597995671e-01
-6.735726720597046135e-01
4.417491216745585980e-01
-8.546456134214577283e-01
-9.549994391589331499e-01
3.081604352059956753e-01
1.404166772261126184e-01
5.035860877741837882e-01
-9.812848756648213655e-01
-6.263152085412382331e-01
-3.099919861999038684e-01
4.134157244148290999e-01
5.214940394451028638e-02
-7.965448975795794695e-01
-1.301949421415415920e-02
-3.193437215524517203e-01
4.958656582722831274e-02
8.118390758653797334e-01
2.332333562149089268e-01
-9.720067423451153044e-01
-2.384688977732629667e-02
-3.026133973083047213e-01
6.805372230666979494e-01
8.057229483397263525e-01
-8.954170932561942298e-01
1.424460323218119662e-01
3.289495225011838109e-01
5.193538315082424361e-01
-5.759389307828910454e-01
9.757869911039676047e-01
-3.163049744004953201e-01
9.178494062447735136e-01
5.968160298917912776e-01
-1.162204085612315030e-01
-2.900188308204307841e-01
-7.533130682923494525e-02
8.295112023366031373e-01
3.541830414346358591e-01
-1.576303522906337129e-01
-4.101126573053686108e-01
-3.713557527659916424e-02
8.501777203242293357e-01
8.639870318160536300e-01
-9.871704889950267958e-01
-4.666218968876150175e-01
6.142640530377772023e-01
-3.494233857359678730e-01
5.256345638883994642e-01
9.478189986829583802e-01
3.463070291923160404e-01
-2.214941244323955782e-01
-5.509300303941047083e-01
-2.759400545366605950e-01
6.089042221543810030e-01
-2.630617271524116063e-02
-8.456494545602111224e-01
7.331569817706808934e-01
2.390421119519783311e-01
-2.147503687574705555e-01
-9.168403754035963082e-01
-7.266075605096473655e-01
5.666981316686825476e-01
-4.445947612506868651e-01
-5.689433410294237881e-01
-5.657403255833772793e-01
8.478516589738873677e-01
-9.693623830330966307e-01
4.541891899122709741e-01
-2.601396241245956809e-01
