2.907018956050263503e-01
1.000000000000000000e+00
4.302300652657302105e-01
-2.842197376531619968e-01
7.334033796851880949e-01
9.000079267864421473e-01
2.215339361143262020e-02
-7.096288243844541821e-01
1.698755760054936337e-01
1.000000000000000000e+00
-2.255329178167829463e-01
-3.367309117986369560e-02
-2.167199352752467445e-01
2.665017514541877519e-01
6.236632973674886005e-01
-1.000000000000000000e+00
2.207874753788429678e-01
4.544727447341885274e-01
2.367389635997366459e-01
7.064199973682605549e-01
-8.389439076120157601e-01
-6.444472557095948240e-02
1.507219058615592577e-01
-3.361813943016908612e-02
1.000000000000000000e+00
3.543934791415928043e-01
1.000000000000000000e+00
6.924798141163390763e-02
-6.354710950165664007e-01
4.037423820527467067e-01
5.078084606611036333e-01
-1.346315403625337748e-01
4.738080529094871318e-01
2.981163951762237918e-01
-9.474782295890862294e-01
1.580379344706135669e-01
5.394417138434487446e-02
1.960855799395511689e-01
-1.765958197231347615e-01
-8.600109193030783805e-01
-6.321461423689269665e-01
2.811897707088339970e-01
-2.890834853260272896e-01
2.644826603883410066e-01
-1.000000000000000000e+00
7.964486496842739793e-01
-1.000000000000000000e+00
-1.038516010792007865e-01
2.249130543275138783e-01
1.000000000000000000e+00
1.834138870450966186e-01
1.000000000000000000e+00
3.286145397644313348e-01
-5.031874068292060409e-01
-1.637040410326061346e-01
4.053828763607766894e-01
-8.680481035271431223e-01
7.969684947818718446e-02
6.816874051473650886e-02
-4.049634789574772520e-01
4.727305971652728811e-01
3.213362922818545075e-01
2.224326862920200654e-01
-4.813722061098639204e-01
8.161595070019775910e-01
-8.903106471580062020e-02
8.989996736793330612e-02
1.219476622842889935e-01
1.612768889613496459e-01
6.721043451715571493e-01
4.841219154620937659e-01
3.991025447990648178e-01
-1.964811466010135121e-01
-2.477508266011050342e-01
7.281507638489090883e-01
3.117989836878383159e-01
-2.370547101085344610e-01
3.415150092103130808e-01
7.484198738235162685e-01
4.754038992864161317e-01
1.296036851527770928e-01
3.850326475800051051e-01
8.186348891747698975e-01
-5.113292747813347194e-02
5.723979254849423381e-02
-1.000000000000000000e+00
-1.000000000000000000e+00
-9.838206157456000911e-01
7.191218234049809865e-01
3.035798248368238861e-01
-6.074820185846064868e-01
-2.457530094691613431e-01
-1.891184514698059094e-01
-9.426149589049576116e-02
2.498953464395328727e-02
1.824927884809822778e-02
1.000000000000000000e+00
2.665656044107252431e-01
6.479227883857209269e-01
-9.821380563915128592e-01
-1.407574426820107361e-01
5.661665185132576106e-01
6.020087357860745003e-01
-4.670602202783428192e-01
3.964365409932867346e-01
7.706069441718315094e-01
9.965240281337415240e-01
1.841483936036066305e-01
1.229022591889117610e-01
-4.608597496705421070e-01
-4.974886159362190696e-01
-2.052925783462902221e-01
2.414214342003129787e-01
-8.374773487629281199e-01
-1.000000000000000000e+00
-2.106054058046016864e-01
3.050679950145521180e-01
2.346893447179541625e-01
2.549265734170165221e-01
-9.244084249279665988e-01
2.823703193912979748e-01
3.566455413369877814e-01
-3.157372463429496401e-01
3.246964106657523885e-02
3.537530709492897607e-01
-6.678575609978706362e-01
-3.787037662584000208e-01
-1.601905086082462404e-01
4.122904239489215694e-01
-9.277271222791297345e-02
-8.088649195550001725e-02
-6.319813275475077985e-02
-3.109918154936563983e-01
2.360967491971899812e-01
-7.333457329145076642e-02
2.050138469417121245e-01
-1.790114940715939740e-01
-9.549318926472846747e-02
-2.107655492743822911e-01
-6.687711462397136208e-02
3.184852387976695454e-01
3.859950864542431581e-02
3.973012896077703360e-01
-3.051242246183609730e-01
2.131717276496145341e-01
2.017273468968013850e-01
-3.174036890822536372e-01
9.002114345248097838e-01
1.696606722441162951e-01
2.147435722341931863e-01
1.122501412274655164e-01
-5.497741624595110510e-01
5.823851302734424085e-01
3.344789056426497043e-01
2.235273028970385378e-01
-1.000000000000000000e+00
-6.912194207830579806e-01
-1.000000000000000000e+00
4.284981425916621622e-03
-2.240793089913770131e-01
-2.390621998646913215e-01
5.068027652237321323e-01
-5.526694450573030881e-01
-1.331332833944979532e-01
3.783782788953137799e-01
1.261549459736259760e-01
6.665602948590371168e-01
-1.983492582211277555e-01
-9.499183187053255040e-01
-8.148229393683881217e-01
-1.980902851543097642e-01
5.668445424386410192e-01
-5.637775282983095160e-01
1.828977014490321129e-02
-5.956248512978759568e-02
3.786094008802604050e-01
-3.673633876415566962e-02
4.048444794750790110e-01
7.386903499220380809e-01
-3.594115157497077689e-02
-6.645018360665695401e-01
-2.054921986484383456e-01
-1.646605539579992228e-01
-3.316247454087735136e-01
9.778969361608927935e-01
6.735053635229912850e-01
2.992657693335754043e-01
-6.960292896247832761e-01
1.867354709571432125e-01
1.088177391297926733e-01
4.877709623400294792e-01
-9.108174732414958674e-01
6.979632533513745463e-01
2.513427918966326668e-01
5.266833158317885122e-01
1.223971381287931176e-01
-2.327180834375195406e-01
-4.012368118071648615e-01
2.481050159603596372e-01
1.000000000000000000e+00
1.951055000717311083e-01
-6.246303025895470762e-02
-2.379480880412144783e-01
2.380179279083061150e-01
9.310055176287809209e-01
-3.780246166075089120e-01
-6.641006004765655224e-02
8.896900723748366602e-01
-1.000000000000000000e+00
3.727311990408824216e-02
-9.854868048336588027e-01
3.611134815118121066e-01
4.315850130675159546e-01
4.834482826000490729e-01
9.854089486229400396e-01
-5.372539071285897805e-01
4.105603333102727515e-01
-7.089325631125615867e-01
7.327911605832970743e-01
1.383708674393853144e-01
5.372508625595984189e-01
3.964317411711907324e-01
1.000000000000000000e+00
6.116742872995886149e-01
3.058656032235471112e-01
1.072548627773664554e-01
3.455024057189599040e-01
1.000000000000000000e+00
7.695484717921241558e-02
-5.057941419549250028e-01
4.483576605011871385e-01
-1.000000000000000000e+00
-2.420461089948390820e-01
4.722253464089894992e-01
-1.716023029529072652e-01
-1.397098753894158440e-01
-4.865895032943971799e-02
6.898285091381819445e-01
1.338624243866872732e-01
6.232468138819996506e-02
-1.030637523426714830e-01
-3.212080533690375717e-01
1.712627067399710712e-01
6.137002225393720645e-01
-9.447075767398611656e-01
-1.760163290897275856e-01
2.322917022399293430e-01
-8.563462673995199115e-01
2.862444455919577191e-01
1.000000000000000000e+00
-5.272921327969640748e-01
-7.914056886664773138e-01
-3.702564919453192882e-01
-3.532715763559371447e-01
5.875314757355367679e-01
-7.330014187841980833e-02
6.563305083060347322e-02
-8.715545526973114132e-01
-6.055851440968832433e-01
2.252687023840568847e-01
3.404072205095852732e-01
3.174867775601025732e-01
5.660068106786634301e-01
1.000000000000000000e+00
-1.000000000000000000e+00
