-7.209061842104533824e-01
4.410662075219673461e-02
-9.902211984858022564e-01
-2.958932632886996927e-01
-8.650820213640808554e-01
5.282997702020280073e-01
3.938160199632445568e-02
-8.040444729641826882e-02
3.833400935371285012e-01
1.242046670430423383e-01
1.837248524321111187e-01
-6.086441184783193403e-01
5.848515687659758822e-01
-2.695606434168862364e-01
-4.857793555957303777e-01
5.122230386355388632e-01
1.775076435043279055e-01
1.391299842702009570e-01
-8.569291954787781052e-01
9.824617669196813452e-01
6.583073830726537956e-01
-3.408453143306910960e-02
-6.262251322973286793e-01
-8.646818651024790192e-01
7.652684374087708186e-01
9.541332327344951292e-01
-6.004853805786383170e-01
3.084702037420259391e-01
9.216951512995792406e-01
5.094823629752627259e-01
-7.696647536804077649e-01
6.902823510715050404e-01
-5.283920980315666149e-01
5.396023017006466027e-01
-7.499835596514474734e-01
3.062872860774084049e-01
-5.586831618464649374e-01
-9.367398719731794277e-01
3.321595081392654247e-01
7.960612422092974150e-01
-6.294551720470817902e-01
-3.324418453567923315e-02
3.786630430795407953e-01
7.177215281812687753e-01
1.905615869056163092e-01
1.847839335628687074e-01
7.299668880013063799e-01
-6.659634585471196910e-01
-7.872616500359885805e-01
-4.862739075978885772e-01
-5.792741349267458428e-01
4.341497335553829995e-01
9.088522355403938491e-02
-9.714729101950900780e-01
9.892095609162598890e-01
5.043917651447675787e-01
-8.745090859125719263e-01
9.123539954267165797e-01
-7.839512515760413969e-01
2.718275912574004138e-01
6.727581666803770233e-01
-5.689914787238004035e-01
-2.603134292357789370e-02
-1.618306425543725169e-02
-7.089879954562468001e-01
1.425967976162363371e-01
-2.140632198192249369e-01
-8.316753835983778931e-01
5.032578903553455163e-01
-6.973140883627313436e-01
-7.509614075211872297e-01
-1.151256506232209986e-01
-4.682324003851026095e-01
-7.290926422005694629e-01
3.385406773840939909e-01
6.616988630217384149e-01
9.331319887298601401e-01
1.423978364768818672e-02
9.458081908729074616e-01
6.189158722191792084e-01
5.403189049449874659e-02
-2.891854912645785980e-01
-2.077916903527117221e-01
-3.355726424054670254e-01
-2.533976930509480585e-01
-8.803072911027218783e-01
2.950700727504644849e-01
-8.168989772517702974e-01
-4.439836802533274618e-01
7.537059415849736155e-01
-3.290386033646506281e-01
6.969846273222415345e-01
7.823277394667536022e-01
-8.822855759786760732e-01
-3.676928852375631607e-01
8.951572825835931724e-01
-6.958185373693259734e-01
-6.956976532349465892e-01
-4.503853998129434544e-01
6.110584367186162602e-01
7.759625627085378063e-01
1.480975915040207980e-01
-1.824718248588486080e-01
-6.274022136937484895e-02
4.458907005796193257e-01
3.591159936223289328e-01
-6.356567374751946886e-01
8.526950744484307343e-02
6.821176361733325422e-01
-5.620330684632321994e-01
6.750451725830597383e-02
-8.066551902285723497e-01
-1.161315592505287597e-01
-3.190629785253076278e-01
-9.058955038621960831e-01
-8.879984696743807859e-01
6.545742764480830811e-01
-8.966547954611148175e-01
-6.265543774131598909e-02
-3.482409881421499875e-01
5.656127764003480163e-01
-8.400510361506792201e-01
8.919981538890482398e-01
1.465245939610904102e-01
-8.155262044688358358e-01
-8.754314814369865694e-01
-1.817903505345697113e-01
-1.860422575410143331e-01
9.816812416824951537e-01
4.230694199422513346e-01
7.202565961445888121e-01
4.949618282722079154e-01
5.094560786763648874e-01
-9.524497321700153840e-01
-5.072728529129653108e-01
5.500110468572485534e-01
-2.721482572621720664e-01
-7.130992394202069207e-01
-8.655372779574381781e-01
7.294357597868823539e-01
-3.242692165070470978e-02
-9.197332007926624087e-01
7.061985456325059474e-01
-9.077879646164319638e-01
-3.601121862598797296e-01
-9.684831385086687394e-01
9.462010002987009116e-02
-1.066499879175397680e-02
-9.552981386240957384e-01
8.332557265555449177e-01
-1.216355022669146635e-01
-4.261802292125154157e-01
-9.053171463655065310e-01
8.284896693976959714e-01
-9.782008047481640656e-01
4.502380050645760079e-02
-1.939356257360589364e-01
3.737651880491017486e-01
7.087282656601456843e-02
-1.722611135962481832e-01
-1.406505705436198461e-01
-3.695095036181659243e-01
-6.294362959409103286e-01
3.888333525275564639e-01
5.638537368799689808e-02
3.353008406431796651e-01
-4.302199510027859830e-01
6.013595593294307484e-01
-9.475661696935202549e-01
-8.678247522620317067e-01
-9.409093644343922147e-01
-2.946332111914056195e-01
7.560012720785529439e-01
-6.311569899478270962e-01
-9.457491969805857934e-01
-8.273904832898537620e-02
-7.062918279368797236e-01
2.685865597656977855e-01
-9.536606223829120488e-01
-4.100973067727031740e-01
-3.200998751143921961e-01
8.812815055334835002e-01
-8.299626954967256331e-01
6.303723395473321833e-01
2.138022702683410881e-01
7.654877764456324840e-02
-8.978320735697429278e-01
-5.851512865997108293e-01
-9.275701825996383043e-01
1.197513035186450470e-01
8.804962441929709005e-01
5.992178215201393598e-02
7.829800171640792783e-01
8.807819016080546959e-01
-2.278963760438477149e-01
-4.933333887066766454e-01
8.285152922248961715e-01
-9.135235743838987510e-02
-1.860159653902946353e-01
7.066765383883741869e-01
3.824888457442465750e-02
4.193265693035554964e-01
-1.420322898004133805e-02
-6.323631739533437379e-01
-3.152659115617262309e-02
-4.142065814200437401e-01
6.204972504777936937e-01
-1.301589852707243367e-01
3.708980094519205295e-01
9.667106906233020602e-01
-6.407629700747361490e-01
-8.402147968470849992e-01
5.900150678905669022e-01
6.854813747475871910e-01
8.935808990831861642e-01
8.675929320076662954e-01
8.855180732310030667e-01
-7.694373305510895378e-01
1.616570055182449117e-01
-3.732531086267585341e-01
-4.827134125763230532e-01
-5.854238354499452512e-01
6.448989329115515368e-01
8.024870118519635831e-01
1.293683316571800912e-01
3.099681306929724656e-03
3.656301264484929092e-01
9.524835151622994545e-01
2.611424878235204527e-01
-5.602557477139067377e-01
-4.241987959029336341e-01
9.064011464906189808e-01
8.696770997569291950e-02
-5.329064522025135364e-01
1.873542720844003640e-01
4.040504993595361860e-01
-9.073255391663652691e-01
-9.534709132004983712e-01
4.338936067000696006e-01
-7.388439922812100047e-01
-1.110697060545913217e-01
2.773030840551882203e-01
8.536736909158437747e-01
-7.805869265789213696e-01
7.102535496570001605e-01
-8.848313328312125137e-01
-6.155212865477457385e-01
9.064575473270910511e-01
3.127473716455289043e-01
-3.147016575235421776e-01
6.436923008944890334e-01
-2.996843101773978280e-01
9.972273525053945153e-01
8.130145453421451229e-01
3.305725089544941930e-02
-1.006035127194928602e-01
2.429993050337331262e-02
9.371855677110512151e-01
8.148326092264901455e-01
2.220541808341951473e-01
-3.879703676332482143e-01
5.069934320331388466e-01
4.430314306435385596e-01
-3.800632129958416705e-01
-2.259759799742784292e-01
